,0
46,173166
8,265531
37,605380
17,647080
65,226839
90,140145
14,691453
28,429425
62,1452778
42,764737
78,1448625
64,683169
66,479000
25,539449
41,327835
86,437398
60,825077
9,152398
30,748468
45,682890
11,372705
36,217139
26,520560
73,432548
10,309907
12,278360
52,169250
79,372627
2,526050
39,257849
67,1132607
38,1264979
18,296404
95,1248354
44,1437137
23,116270
1,656955
49,815881
51,563823
31,1400935
84,560997
85,683187
91,1319401
75,2148271
29,906554
55,181641
50,490669
57,1035866
59,2588988
94,1406041
77,1423607
68,763204
83,1073836
19,240336
71,547824
48,76286
27,600687
3,331315
22,596186
69,1876051
5,141756
63,660240
53,305365
61,276903
16,348180
40,411979
81,387898
92,1613762
76,1243788
13,2034469
47,330336
7,326875
72,560227
33,1633440
35,1082073
93,1670149
6,1079396
82,262618
34,1176145
15,142811
56,755566
21,532886
70,233194
58,199596
89,332096
88,359520
4,165197
24,408393
54,730398
74,828405
32,190040
87,370774
43,226901
80,569769
